cam0:
  cam_overlaps: [1, 2]
  camera_model: pinhole
  distortion_coeffs: [0.022699414126174742, -0.0047559749597062, 0.0017546827725608948, 0.0005539958624725152]
  distortion_model: radtan
  intrinsics: [444.1716341624257, 445.34022371858015, 426.77779151140544, 240.62277235487997]
  resolution: [848, 480]
  rostopic: /camera_front/infra1/image_rect_raw
cam1:
  T_cn_cnm1:
  - [0.9999894825784287, -0.00018452148370490566, 0.00458265036276724, -0.05132577784196699]
  - [0.00018294975252598132, 0.9999999243059652, 0.0003433911048959294, 1.0125472107116422e-05]
  - [-0.004582713378924112, -0.00034254909855713423, 0.9999894406433503, 0.00010287699395576713]
  - [0.0, 0.0, 0.0, 1.0]
  cam_overlaps: [0, 2]
  camera_model: pinhole
  distortion_coeffs: [0.024033355137269164, -0.00604886908104479, 0.0016683824641233647, -0.0005120488619001164]
  distortion_model: radtan
  intrinsics: [444.1761234958521, 445.3718233510683, 424.7013920776431, 240.4716672839226]
  resolution: [848, 480]
  rostopic: /camera_front/infra2/image_rect_raw
cam2:
  T_cn_cnm1:
  - [0.9998175562739838, 0.01909946101129619, 0.0002544708187458756, 0.06394006404963082]
  - [-0.019100356125125735, 0.999808884889339, 0.0041677442616238946, -0.00018686259153409822]
  - [-0.00017482051649725196, -0.004171844366093218, 0.9999912825381893, -0.0036681885052587673]
  - [0.0, 0.0, 0.0, 1.0]
  cam_overlaps: [0, 1]
  camera_model: pinhole
  distortion_coeffs: [0.09814357375961519, -0.15459624294365526, 0.0027975930506159877, -0.00021249084880302737]
  distortion_model: radtan
  intrinsics: [945.8760070845598, 945.7763877739292, 638.7488639505411, 388.1912610130269]
  resolution: [1280, 720]
  rostopic: /camera_front/color/image_raw
