cam0:
  cam_overlaps: [1, 2]
  camera_model: pinhole
  distortion_coeffs: [0.02065092118342315, -0.004480564523625715, 0.0014822006978528726, -7.838364906099958e-05]
  distortion_model: radtan
  intrinsics: [446.6718013257747, 447.9350698248499, 425.30982665706426, 238.43983832150806]
  resolution: [848, 480]
  rostopic: /camera_left/infra1/image_rect_raw
cam1:
  T_cn_cnm1:
  - [0.9999955031927225, -0.00013188130747169847, 0.0029960309827762955, -0.05131397814146811]
  - [0.00013138969699169888, 0.9999999778738402, 0.00016428348002671883, -4.8576730238424325e-05]
  - [-0.002996052582405784, -0.00016388909367256592, 0.9999954983945096, 0.00015177635591806518]
  - [0.0, 0.0, 0.0, 1.0]
  cam_overlaps: [0, 2]
  camera_model: pinhole
  distortion_coeffs: [0.02092893966336473, -0.0048531147849560355, 0.0012508981243144997, -0.0005777613482466767]
  distortion_model: radtan
  intrinsics: [446.68551012932824, 447.9936549299033, 423.96879515177653, 238.46322556000592]
  resolution: [848, 480]
  rostopic: /camera_left/infra2/image_rect_raw
cam2:
  T_cn_cnm1:
  - [0.9997533786785299, 0.021991196715570146, 0.003093394232787266, 0.06794457438044411]
  - [-0.022024488141777033, 0.9996949783628701, 0.011174621163672448, -0.0008451706870338888]
  - [-0.002846707388381802, -0.01123999568843201, 0.9999327771175257, -0.0023036907442145612]
  - [0.0, 0.0, 0.0, 1.0]
  cam_overlaps: [0, 1]
  camera_model: pinhole
  distortion_coeffs: [0.09040449413300995, -0.15158768792662436, -2.1133011545340474e-06, -0.00019430604253865315]
  distortion_model: radtan
  intrinsics: [938.8003730766736, 940.6512147404503, 637.5383310859769, 377.3179059184357]
  resolution: [1280, 720]
  rostopic: /camera_left/color/image_raw
