cam0:
  cam_overlaps: [1, 2]
  camera_model: pinhole
  distortion_coeffs: [0.01951121751694243, -0.004056461269294891, -6.80392924559962e-05, -0.00010649642244643531]
  distortion_model: radtan
  intrinsics: [444.50492888605464, 445.0126856361045, 423.6862539763232, 237.51810041163498]
  resolution: [848, 480]
  rostopic: /camera_right/infra1/image_rect_raw
cam1:
  T_cn_cnm1:
  - [0.9999957706324947, -2.3112046479516286e-05, 0.002908295539602696, -0.05130208501545579]
  - [2.239476573553605e-05, 0.9999999693274176, 0.00024666501082850066, -1.6865425078222515e-05]
  - [-0.0029083011513309723, -0.0002465988369942214, 0.9999957404776363, -0.00013082954046999821]
  - [0.0, 0.0, 0.0, 1.0]
  cam_overlaps: [0, 2]
  camera_model: pinhole
  distortion_coeffs: [0.02033637125619267, -0.004485267348681083, 8.374807699307917e-06, -0.0006344599247604426]
  distortion_model: radtan
  intrinsics: [444.2362679831017, 444.8103308059479, 422.51062845341363, 237.57039120184177]
  resolution: [848, 480]
  rostopic: /camera_right/infra2/image_rect_raw
cam2:
  T_cn_cnm1:
  - [0.9999168016372181, 0.00796440166539692, 0.010146827568157778, 0.06517136704410341]
  - [-0.007908405728370116, 0.9999533440341606, -0.005546789497064976, -0.0008349090651966985]
  - [-0.010190531017625463, 0.00546608278399535, 0.9999331352728376, -0.001784353816870904]
  - [0.0, 0.0, 0.0, 1.0]
  cam_overlaps: [0, 1]
  camera_model: pinhole
  distortion_coeffs: [0.09416616687443054, -0.13129700971316738, 0.001099363685575903, -0.0018781041671847287]
  distortion_model: radtan
  intrinsics: [939.8112153873801, 939.8633680085373, 652.3629339194679, 377.4771042700767]
  resolution: [1280, 720]
  rostopic: /camera_right/color/image_raw
