/**:
  ros__parameters:
    L_YAW/offset: 1.3628228931272524
    L_HAA/offset: 0.006283185307179587
    L_HFE/offset: 0.40212385965949354
    L_KFE/offset: 0.1778141441931823
    R_YAW/offset: 0.8369202829163209
    R_HAA/offset: -0.03204424506661589
    R_HFE/offset: -0.6163804786343174
    R_KFE/offset: 0.35946801274075213
