/**:
  ros__parameters:
    L_YAW/offset: -0.6553362275388309
    L_HAA/offset: 0.006911503837897545
    L_HFE/offset: 0.40212385965949354
    L_KFE/offset: 0.5573185367468293
    R_YAW/offset: 1.2346459128607887
    R_HAA/offset: -0.008796459430051421
    R_HFE/offset: -0.629994046799873
    R_KFE/offset: 0.9570687486236107
