%YAML:1.0 # need to specify the file type at the top!

cam0:
  T_cam_imu:
    - [0.0002949898311175314, 0.9999993231714588, -0.0011254499665995232, 0.01802277627068881]
    - [-0.35596953470707765, 0.0011567376182318734, 0.9344968444668568, 0.04232474804191826]
    - [0.9344975138230329, 0.00012495883461738355, 0.35596963500257084, -0.07363708973963383]
    - [0.0, 0.0, 0.0, 1.0]
  cam_overlaps: [1]
  camera_model: pinhole
  distortion_coeffs: [0.022699414126174742, -0.0047559749597062, 0.0017546827725608948, 0.0005539958624725152]
  distortion_model: radtan
  intrinsics: [444.1716341624257, 445.34022371858015, 426.77779151140544, 240.62277235487997]
  resolution: [848, 480]
  rostopic: /camera_front/infra1/image_rect_raw
  timeshift_cam_imu: -0.0020023645235745166
cam1:
  T_cam_imu:
    - [0.0046431461260091345, 0.9999891649567119, 0.0003334115029522966, -0.03364845398572869]
    - [-0.355648555660196, 0.0013397300691263547, 0.9346188046364989, 0.04231288125114599]
    - [0.934608231319877, -0.00445814900150876, 0.35565092275518057, -0.07363052670761436]
    - [0.0, 0.0, 0.0, 1.0]
  cam_overlaps: [0]
  camera_model: pinhole
  distortion_coeffs: [0.024033355137269164, -0.00604886908104479, 0.0016683824641233647, -0.0005120488619001164]
  distortion_model: radtan
  intrinsics: [444.1761234958521, 445.3718233510683, 424.7013920776431, 240.4716672839226]
  resolution: [848, 480]
  rostopic: /camera_front/infra2/image_rect_raw
  timeshift_cam_imu: -0.0019879111804997837

cam2:
  T_cam_imu:
    - [0.9400473445730787, 0.34103989431632153, 0.0016674668861830777, -0.014884810524684853]
    - [-0.12091034686477645, 0.32869936325731364, 0.9366629151489221, 0.035234610275282074]
    - [0.3188913262886649, -0.8807091001454166, 0.3502282155094124, -0.07618616269988442]
    - [0.0, 0.0, 0.0, 1.0]
  cam_overlaps: [3]
  camera_model: pinhole
  distortion_coeffs: [0.02065092118342315, -0.004480564523625715, 0.0014822006978528726, -7.838364906099958e-05]
  distortion_model: radtan
  intrinsics: [446.6718013257747, 447.9350698248499, 425.30982665706426, 238.43983832150806]
  resolution: [848, 480]
  rostopic: /camera_left/infra1/image_rect_raw
  timeshift_cam_imu: -0.008457049448454185
cam3:
  T_cam_imu:
    - [0.9410144714696713, 0.33835637967300347, 0.0025932256427044498, -0.06643162462240776]
    - [-0.12073444307690073, 0.3285994791569729, 0.9367206502221872, 0.03517156092675428]
    - [0.3160932753785918, -0.8817807792373027, 0.35006813426544453, -0.07599522227725106]
    - [0.0, 0.0, 0.0, 1.0]
  cam_overlaps: [2]
  camera_model: pinhole
  distortion_coeffs: [0.02092893966336473, -0.0048531147849560355, 0.0012508981243144997, -0.0005777613482466767]
  distortion_model: radtan
  intrinsics: [446.68551012932824, 447.9936549299033, 423.96879515177653, 238.46322556000592]
  resolution: [848, 480]
  rostopic: /camera_left/infra2/image_rect_raw
  timeshift_cam_imu: -0.008485704322820874

cam4:
  T_cam_imu:
    - [-0.9425054140183813, 0.3330672905911486, -0.02738109720797091, 0.05883705578336444]
    - [-0.1318950027528459, -0.2954461800765096, 0.9462110033850945, 0.04882822208353174]
    - [0.3070622946486067, 0.895420423385837, 0.3223895354825621, -0.08191859763323764]
    - [0.0, 0.0, 0.0, 1.0]
  cam_overlaps: [5]
  camera_model: pinhole
  distortion_coeffs: [0.01951121751694243, -0.004056461269294891, -6.80392924559962e-05, -0.00010649642244643531]
  distortion_model: radtan
  intrinsics: [444.50492888605464, 445.0126856361045, 423.6862539763232, 237.51810041163498]
  resolution: [848, 480]
  rostopic: /camera_right/infra1/image_rect_raw
  timeshift_cam_imu: -0.00523003009539647
cam5:
  T_cam_imu:
    - [-0.9416053515512732, 0.3356768575164226, -0.026465246227879408, 0.007295349912131571]
    - [-0.13184036437100308, -0.29521784316203603, 0.946289883387367, 0.0487924663510747]
    - [0.3098346014449066, 0.8945208060222272, 0.32223446020067603, -0.08223223509946344]
    - [0.0, 0.0, 0.0, 1.0]
  cam_overlaps: [4]
  camera_model: pinhole
  distortion_coeffs: [0.02033637125619267, -0.004485267348681083, 8.374807699307917e-06, -0.0006344599247604426]
  distortion_model: radtan
  intrinsics: [444.2362679831017, 444.8103308059479, 422.51062845341363, 237.57039120184177]
  resolution: [848, 480]
  rostopic: /camera_right/infra2/image_rect_raw
  timeshift_cam_imu: -0.005250813147479269
