%YAML:1.0

cam0:
  T_cam_imu:
    - [0.0010799309572202098, 0.99998222340148, 0.005864011439541739, 0.013350291810517488]
    - [-0.3603344617651473, -0.005080958606063379, 0.9328093371767181, 0.05965000898852585]
    - [0.9328225497990238, -0.0031203750862531243, 0.3603225691595961, -0.09580650691160596]
    - [0.0, 0.0, 0.0, 1.0]
  cam_overlaps: [1]
  camera_model: pinhole
  distortion_coeffs: [0.016533849970772462, 0.00010948789520949459, 0.00018874833092953625, 0.0007430768245907088]
  distortion_model: radtan
  intrinsics: [433.6425006072363, 434.93794644968455, 428.63165851342154, 234.64798450993462]
  resolution: [848, 480]
  rostopic: /camera_front/infra1/image_rect_raw
  timeshift_cam_imu: 0.0054045490837725035
cam1:
  T_cam_imu:
    - [0.005023575796638322, 0.9999611240761295, 0.007246655961143711, -0.03841902419389312]
    - [-0.359722399369621, -0.0049545648226941765, 0.9330462194763884, 0.05956314479118977]
    - [0.9330458504692996, -0.007294012875055267, 0.3596835251970824, -0.09611044907309478]
    - [0.0, 0.0, 0.0, 1.0]
  T_cn_cnm1:
    - [0.9999912677571624, -0.00013118021605939672, 0.004176984698675028, -0.051361192211950235]
    - [0.00012844160216153133, 0.9999997766455052, 0.0006559052472239332, -2.5725616506437384e-05]
    - [-0.004177069807518768, -0.0006553630210931344, 0.9999910612536157, -0.00020994104061379765]
    - [0.0, 0.0, 0.0, 1.0]
  cam_overlaps: [0]
  camera_model: pinhole
  distortion_coeffs: [0.01635537589084923, -0.00048723626342620836, 8.550798278750927e-05, 6.72282833999469e-05]
  distortion_model: radtan
  intrinsics: [433.5338750152753, 434.92704468667, 426.79552383312364, 234.36377658297073]
  resolution: [848, 480]
  rostopic: /camera_front/infra2/image_rect_raw
  timeshift_cam_imu: 0.005390484809282084
